1078
  1558
    1779
      1864
        1940
          1982
            1991
              1996
                1998
                  1999
                1994
                  1992
              1986
                1989
                  1990
                  1987
                    1988
                1984
                  1983
            1959
              1967
                1977
                  1981
                    1979
                  1975
                    1976
                    1970
                1964
                  1965
                    1966
                  1961
                    1960
              1947
                1952
                  1956
                    1957
                  1950
                1944
                  1945
                  1943
          1915
            1929
              1936
                1937
                  1939
                1934
                  1935
                  1931
              1920
                1924
                  1927
                    1928
                    1925
                  1922
                1917
                  1918
                    1919
                  1916
            1888
              1903
                1910
                  1912
                    1914
                  1908
                    1909
                    1905
                1891
                  1897
                    1900
                    1895
                  1889
              1879
                1883
                  1880
                1874
                  1875
                    1876
                  1871
                    1873
                    1865
        1816
          1836
            1850
              1855
                1856
                  1861
                1851
                  1852
              1845
                1846
                  1849
                1843
                  1844
                  1842
            1828
              1834
                1835
                1832
                  1829
              1824
                1827
                  1826
                1821
                  1823
                  1817
          1796
            1805
              1809
                1811
                1807
              1799
                1803
                  1801
                1797
            1787
              1790
                1793
                  1794
                  1791
                1788
              1782
                1784
                  1783
                1781
                  1780
      1673
        1722
          1742
            1751
              1769
                1775
                  1776
                  1771
                    1773
                1761
                  1763
                  1757
              1746
                1750
                  1749
                1743
            1729
              1732
                1737
                  1734
                1731
              1726
                1728
                1724
          1698
            1706
              1715
                1720
                  1721
                  1718
                1709
                  1710
                  1707
              1703
                1702
            1688
              1694
                1695
                1689
                  1690
              1681
                1682
                  1683
                1678
                  1679
                    1680
                  1675
        1609
          1642
            1659
              1664
                1666
                1660
                  1661
              1651
                1656
                  1658
                  1652
                1648
                  1649
                  1646
            1625
              1630
                1639
                  1641
                  1635
                    1636
                    1632
                1628
                  1629
              1615
                1622
                  1623
                  1616
                1614
                  1611
          1583
            1597
              1602
                1608
                1598
                  1601
              1589
                1593
                  1595
                1586
                  1584
            1571
              1576
                1577
                1574
                  1575
                  1572
              1563
                1569
                1560
                  1561
    1260
      1389
        1485
          1518
            1542
              1546
                1549
                  1552
                  1547
                    1548
                1545
                  1544
              1531
                1537
                  1540
                    1541
                    1539
                  1534
                    1535
                    1532
                1527
                  1529
                    1530
                    1528
                  1523
                    1525
                    1522
            1494
              1506
                1514
                  1515
                    1517
                  1508
                    1512
                1498
                  1503
                    1501
                  1496
              1488
                1489
                  1490
                1486
          1428
            1454
              1472
                1479
                  1482
                    1484
                    1481
                  1476
                    1478
                    1474
                1461
                  1463
                    1471
                      1467
                    1462
                  1458
                    1460
                    1457
              1445
                1450
                  1453
                    1452
                  1449
                1438
                  1442
                    1439
                  1434
                    1435
                    1431
            1403
              1413
                1414
                  1417
                1405
                  1412
                    1407
                  1404
              1396
                1399
                  1402
                  1398
                    1397
                1394
                  1393
        1309
          1353
            1365
              1383
                1384
                  1388
                1372
                  1378
                    1375
                  1369
                    1367
              1358
                1362
                  1360
                1357
                  1355
            1327
              1346
                1351
                  1352
                  1349
                1336
                  1340
                    1344
                    1337
                  1335
              1317
                1320
                  1321
                  1319
                1313
                  1314
                  1311
                    1312
                    1310
          1292
            1302
              1305
                1308
                1303
              1294
                1297
                  1301
                1293
            1273
              1287
                1289
                  1290
                  1288
                1280
                  1284
                    1282
                  1279
                    1275
              1266
                1268
                  1270
                1264
                  1263
      1183
        1219
          1233
            1244
              1256
                1258
                  1259
                  1257
                1247
                  1248
                  1245
              1238
                1242
                  1239
                1235
            1223
              1230
                1232
                1226
                  1228
                  1225
              1222
                1221
          1204
            1215
              1217
                1218
              1209
                1212
                  1213
                1206
                  1207
            1187
              1198
                1201
                  1202
                1195
                  1196
                  1193
              1184
                1185
        1106
          1138
            1153
              1161
                1174
                  1178
                    1180
                  1162
                    1169
                1155
                  1160
                    1159
                  1154
              1147
                1150
                  1152
                  1149
                1143
                  1146
                  1142
                    1140
            1119
              1131
                1134
                  1136
                    1137
                  1132
                1123
                  1125
                    1128
                  1120
              1112
                1116
                  1118
                  1114
                1108
                  1107
          1094
            1103
              1105
                1104
              1100
                1101
                1097
                  1098
            1086
              1089
                1090
                  1091
                1088
              1081
                1084
                  1082
                1079
                  1080
  627
    829
      922
        995
          1036
            1054
              1061
                1065
                  1069
                    1073
                    1067
                  1062
                1057
                  1058
                    1060
                  1056
                    1055
              1042
                1048
                  1052
                    1053
                    1049
                  1046
                    1043
                1038
                  1039
                    1041
                  1037
            1016
              1021
                1032
                  1034
                  1031
                1017
                  1020
              1002
                1013
                  1015
                  1004
                999
                  1001
                    1000
                  996
          950
            969
              985
                989
                  992
                    993
                    990
                  987
                976
                  979
                    978
                  975
                    973
              958
                962
                  968
                  959
                    961
                952
                  956
                  951
            940
              943
                946
                  947
                  944
                941
                  942
              933
                935
                925
                  929
                  923
        870
          898
            907
              909
                916
                  917
                  915
                908
              904
                905
                  906
                899
            882
              889
                894
                  896
                885
                  888
                  883
              875
                877
                  878
                  876
                873
                  874
                  871
          853
            864
              869
                866
              859
                860
                  861
                855
                  856
                  854
            844
              847
                850
                  849
                846
              837
                841
                  843
                  840
                    839
                833
                  834
                  831
      717
        779
          800
            811
              822
                827
                  828
                  823
                    824
                819
                  820
                  812
                    817
              803
                807
                  809
                  804
                801
            790
              793
                797
                  799
                792
              784
                788
                781
                  783
                  780
          761
            767
              769
                771
                  772
                768
              762
                765
            749
              754
                759
                  760
                  755
                753
              740
                746
                  747
                    748
                  741
                723
                  727
                    728
                  721
                    718
        671
          686
            711
              714
                715
                712
                  713
              689
                703
                  706
                  690
                687
                  688
            676
              683
                685
                  684
                679
                  681
              674
                675
                672
          649
            666
              667
                670
              653
                655
                  665
                  654
                651
                  650
            639
              645
                646
                642
                  643
                  640
              632
                633
                  634
                628
    262
      471
        567
          588
            603
              615
                618
                  620
                    624
                  616
                610
                  614
                    611
                  609
                    607
              598
                601
                  600
                592
                  594
                    596
                  591
            575
              580
                585
                  586
                  581
                577
                  579
                    578
                  576
              571
                573
                  572
                570
          526
            543
              556
                558
                  560
                    562
                    559
                  557
                551
                  552
                    554
                  548
                    549
              532
                537
                  540
                    541
                    538
                  536
                    534
                528
                  530
                  527
            505
              518
                523
                  525
                  521
                508
                  514
                    517
                    510
                  506
                    507
              477
                491
                  496
                    503
                  480
                    487
                475
                  476
                  472
                    473
        397
          425
            448
              458
                467
                  468
                    470
                  465
                    466
                    459
                455
                  456
                  449
                    453
              435
                443
                  446
                    447
                  437
                    441
                    436
                430
                  434
                  427
                    428
                    426
            408
              414
                421
                  423
                    424
                  416
                    420
                    415
                411
                  412
                  410
                    409
              403
                407
                  404
                400
                  401
          336
            369
              381
                390
                  395
                    396
                    394
                  387
                375
                  377
                    378
                  370
                    374
              347
                359
                  364
                    366
                    361
                  352
                    353
                    348
                343
                  344
                  337
                    342
            298
              322
                332
                  335
                    333
                  324
                    326
                    323
                316
                  320
                    321
                  307
                    309
                      311
                      308
                    304
                      301
              286
                290
                  294
                    296
                      297
                    291
                  289
                    288
                274
                  282
                    285
                      283
                    279
                  268
                    271
                      273
                      270
                    266
                      263
      170
        231
          243
            250
              252
                254
                  255
                  253
                251
              246
                247
                244
                  245
            239
              241
                242
                240
              233
                234
                232
          202
            215
              226
                227
                  230
                220
                  222
                  216
                    217
              209
                214
                  211
                205
                  206
                  203
            190
              197
                199
                  200
                  198
                193
              175
                183
                  187
                    189
                    185
                  179
                    177
                174
                  172
        57
          105
            156
              161
                165
                  166
                  163
                    162
                157
                  160
              139
                152
                  154
                    155
                    153
                  149
                    150
                    142
                120
                  130
                    136
                      138
                    126
                      125
                  116
                    119
                      118
                    106
                      115
            79
              85
                95
                  97
                    102
                      103
                    96
                  91
                    94
                    89
                81
                  84
                    82
                  80
              65
                71
                  74
                    73
                  70
                    67
                63
                  64
                  61
                    58
          19
            42
              50
                51
                  55
                45
                  46
                  44
              32
                37
                  38
                  34
                28
                  29
                  23
                    27
                    20
            9
              14
                15
                  16
                11
              3
                5
                  8
                    6
                  4
                1
                  2
                  0
