Table printing
(500, -523) -> (1000, 140) -> (0, -649) 
(502, -226) 
(503, 538) -> (1003, 920) 
(4, 424) -> (1504, 562) 
(1005, -359) -> (505, 889) 
(1006, -181) -> (1506, 600) -> (506, 572) 
(7, 138) 
(8, -610) -> (1508, 641) -> (1008, -572) 
(9, 855) 
(510, 780) -> (1510, -440) -> (1010, -498) 
(1011, -628) -> (1511, 468) 
(12, -284) -> (512, -353) 
(13, -463) -> (1013, -355) -> (1513, 226) -> (513, 619) 
(14, 382) -> (514, 742) -> (1514, -617) 
(515, 157) -> (1015, -806) 
(516, -19) -> (16, 712) -> (1016, 541) 
(1518, -843) 
(1019, -408) 
(520, -356) -> (20, 270) -> (1020, 50) 
(21, -920) -> (1521, -234) -> (1021, 636) -> (521, -793) 
(22, 405) -> (1022, -915) -> (522, -601) 
(1023, -989) -> (523, -552) 
(1024, 112) -> (24, -775) 
(1525, -533) 
(1526, -900) 
(1027, -782) -> (27, -186) -> (1527, -92) 
(528, -855) -> (1028, -412) 
(1529, 606) -> (529, -490) -> (1029, 329) -> (29, -901) 
(1530, -629) 
(531, 68) 
(532, 126) -> (1532, 804) 
(533, -897) -> (33, 140) -> (1033, 841) 
(34, -113) -> (534, 790) 
(1035, -556) -> (1535, 734) -> (35, -231) 
(36, 778) -> (536, -911) 
(1537, 875) -> (37, -309) -> (1037, 737) 
(538, 738) -> (38, -676) 
(39, -377) 
(1040, 351) 
(41, 428) -> (1041, 777) 
(542, 912) -> (1042, 994) 
(43, -13) -> (1043, 844) -> (1543, 687) 
(1044, -599) -> (544, 677) -> (44, -584) 
(45, 305) -> (1545, 85) -> (1045, -625) 
(546, 338) -> (1546, 769) -> (46, 487) 
(547, 171) 
(549, 643) -> (1549, -243) 
(1050, 165) -> (50, -694) 
(1051, 295) -> (551, 200) -> (1551, 354) 
(552, 297) -> (1552, 47) -> (1052, 570) 
(1553, 154) -> (1053, 539) 
(54, 861) -> (554, -801) -> (1054, 77) 
(1056, -783) -> (556, 803) -> (56, -349) 
(557, -306) -> (1557, -657) -> (57, -8) 
(558, 880) 
(1059, -60) -> (559, -693) 
(1060, -677) 
(561, 187) -> (61, -471) -> (1561, -349) 
(1063, -293) -> (63, -202) 
(1564, 840) -> (1064, 485) -> (64, 542) 
(1565, -463) -> (565, -848) -> (1065, 231) 
(66, -440) -> (1066, 470) -> (566, -405) -> (1566, -44) 
(1567, -235) 
(568, -137) 
(69, 28) 
(570, 419) -> (1070, -841) 
(1571, 672) -> (571, -592) 
(72, -180) -> (1072, 395) -> (572, -985) 
(574, 866) 
(575, 105) -> (1075, -175) 
(76, 640) -> (1076, -646) -> (576, -998) 
(1078, 821) -> (1578, -640) 
(1579, -288) -> (79, 581) -> (1079, 237) -> (579, 76) 
(1580, -936) -> (580, 174) -> (1080, -85) 
(1581, -672) -> (581, 824) 
(1582, -383) -> (1082, 304) 
(83, 540) -> (1583, 258) 
(1084, -415) 
(1086, -179) 
(587, 372) -> (87, -604) -> (1087, 815) 
(88, 991) -> (588, -309) 
(89, -150) -> (1589, 429) -> (589, -559) 
(1590, 528) -> (1090, 228) 
(1092, 680) -> (592, -954) 
(93, -644) -> (593, -312) 
(94, 227) 
(1095, -483) 
(96, -768) 
(97, 974) -> (1097, -777) 
(1598, 920) -> (598, -332) -> (1098, 563) 
(1599, -302) -> (99, -211) -> (1099, -329) 
(1601, -67) -> (1101, 982) -> (601, 361) -> (101, 352) 
(102, -985) 
(103, 827) 
(604, -615) -> (1104, -43) 
(105, -596) -> (1605, 84) -> (605, -430) 
(606, -772) -> (106, -447) 
(1107, 433) -> (1607, 135) 
(608, 202) -> (108, -636) 
(609, -640) -> (109, -885) -> (1109, 871) 
(110, 161) 
(1611, 244) 
(1112, 1) 
(1113, 655) -> (113, -858) 
(1614, 144) -> (614, -620) -> (114, -181) 
(615, 543) -> (1115, 225) 
(1116, 716) -> (116, -398) 
(1117, -715) -> (1617, -466) -> (117, -51) 
(1118, 322) -> (118, -119) 
(620, -490) 
(121, -520) -> (1121, 515) -> (621, -754) 
(622, -463) -> (1622, -148) 
(1123, 858) -> (123, 761) -> (623, -977) 
(124, 197) -> (1124, 385) -> (624, -677) 
(125, -886) -> (625, 970) 
(1126, -894) -> (1626, 486) -> (626, -322) 
(1627, -705) -> (627, 350) -> (1127, 729) -> (127, -577) 
(1629, -456) -> (129, 412) 
(630, -677) -> (130, 163) -> (1630, 505) 
(1631, -407) -> (631, -605) 
(132, -935) -> (1632, 758) 
(1633, -421) -> (1133, 57) -> (633, 197) 
(1134, -923) -> (634, -182) 
(1135, -356) -> (1635, -882) 
(636, -65) -> (136, -763) 
(1638, 359) -> (138, 620) 
(639, 694) -> (139, 683) 
(140, 258) -> (1140, -445) 
(641, -714) 
(1142, 103) -> (642, -744) 
(1143, -349) -> (143, 469) -> (643, -906) 
(144, 939) -> (1144, 221) -> (644, -929) 
(1646, 311) 
(147, 136) -> (647, -179) 
(148, -316) 
(149, 830) 
(150, 44) 
(651, -694) -> (1151, -815) -> (151, 91) 
(152, 283) -> (1652, -409) 
(1653, -386) -> (653, -446) -> (153, 181) 
(654, 403) -> (1654, -282) -> (154, 202) 
(1655, -326) -> (1155, -591) 
(1157, 446) -> (157, 176) 
(1158, -705) -> (658, 162) 
(659, 88) -> (1659, 147) -> (159, -807) 
(1160, -302) -> (660, -309) -> (160, -805) 
(1661, 852) 
(162, 457) 
(163, -641) 
(1664, 198) -> (1164, -366) 
(666, 317) -> (166, -778) 
(667, -677) -> (1667, 923) 
(668, 190) -> (168, 176) -> (1168, 220) 
(1169, 415) -> (169, -223) -> (669, 425) 
(1170, -258) -> (670, 165) -> (1670, -800) -> (170, -305) 
(1671, 605) 
(172, 540) -> (672, 910) 
(1673, 462) -> (673, 837) 
(1674, -670) 
(1675, -492) -> (675, -591) 
(1176, -711) -> (1676, 253) 
(677, -443) -> (1677, 40) -> (177, -987) -> (1177, -936) 
(1178, -9) 
(1179, -902) -> (679, -482) 
(680, 726) -> (180, -610) -> (1680, 362) 
(681, -587) -> (1681, -103) 
(182, -200) -> (682, 193) -> (1682, -970) 
(183, -970) -> (1683, -592) -> (683, 226) 
(1685, -966) -> (1185, 211) 
(1686, 992) -> (186, -721) 
(687, 237) -> (1687, -927) -> (187, 153) 
(1688, -888) -> (1188, -468) -> (188, -67) 
(1689, -715) 
(190, 738) -> (1190, -499) 
(691, 462) -> (1691, -166) -> (191, 731) 
(1192, 77) -> (192, -929) -> (692, -664) 
(1193, 255) -> (693, -346) -> (1693, -575) 
(1694, 607) 
(1695, -144) -> (1195, 600) -> (195, -707) 
(1196, -387) 
(197, -869) 
(698, -58) -> (1198, 65) 
(1199, 293) 
(1200, -350) -> (200, -230) -> (700, -572) 
(1701, -479) -> (1201, -256) -> (701, -719) -> (201, -556) 
(702, -378) -> (1202, 356) 
(703, 610) -> (203, -768) 
(1204, 63) -> (1704, 589) 
(705, 530) -> (205, -629) -> (1705, 820) -> (1205, -209) 
(206, 462) -> (706, 308) 
(207, 820) -> (1707, -873) -> (707, -601) -> (1207, -992) 
(1708, 670) -> (708, 909) 
(1209, -935) 
(710, 913) -> (1210, 43) -> (1710, -355) -> (210, -253) 
(211, -892) 
(1212, -130) -> (712, -736) 
(213, 466) -> (713, 827) -> (1213, -31) 
(1214, 52) -> (1714, 989) 
(715, -892) -> (215, -755) -> (1715, -374) -> (1215, -923) 
(718, -596) -> (218, 143) 
(1719, 133) 
(220, -545) 
(721, -582) -> (1721, -335) -> (221, 907) 
(1722, 768) -> (722, -701) 
(723, 401) 
(224, -685) 
(225, -781) 
(1727, 170) 
(728, 611) -> (228, 939) -> (1228, 925) 
(229, 875) -> (1729, -636) 
(1730, -966) 
(1231, -591) 
(732, 275) -> (1232, 68) -> (232, -385) -> (1732, -781) 
(1233, -679) -> (1733, -648) -> (733, -605) -> (233, -554) 
(1734, 160) 
(1235, 774) -> (1735, 459) -> (235, -365) 
(236, 278) -> (736, -131) -> (1736, -177) 
(1737, 733) -> (1237, -969) -> (237, -908) 
(1238, 301) -> (238, 613) 
(1739, -509) -> (1239, 704) -> (739, 984) 
(1240, -416) -> (740, 660) 
(1741, -88) -> (1241, -423) -> (741, -942) -> (241, 611) 
(242, -49) -> (1742, 923) 
(1243, -605) -> (743, -578) -> (1743, 901) 
(1244, -780) -> (1744, -71) -> (244, 633) 
(1745, 371) 
(1246, -766) -> (1746, 755) -> (246, 68) 
(249, -432) -> (1249, -241) -> (749, 553) 
(1753, 187) -> (253, -499) 
(1254, 47) -> (1754, 913) -> (254, -15) 
(755, -82) -> (255, -320) 
(1756, -553) 
(1757, 458) -> (1257, 391) -> (257, 287) 
(758, 343) -> (1758, -824) 
(259, -553) -> (1259, 626) -> (759, 211) 
(760, -133) 
(1761, 253) -> (261, 740) -> (761, 275) 
(263, -174) -> (1263, 526) 
(264, 268) -> (1264, -865) 
(1265, 703) -> (265, -693) 
(1266, 518) -> (766, -252) 
(1267, -37) 
(1768, -202) -> (268, 300) 
(269, -972) -> (1769, 357) -> (769, -773) 
(770, -14) 
(271, -317) -> (1771, -954) 
(273, -37) -> (773, 437) 
(1774, 567) -> (774, -785) 
(1775, 631) 
(776, 265) -> (276, 393) -> (1776, 968) 
(1277, -535) -> (1777, 843) 
(1278, 232) -> (278, -39) 
(279, -535) -> (1279, -590) 
(280, -920) -> (780, 892) 
(1281, -194) -> (281, -961) 
(1282, -566) -> (782, 401) -> (1782, -212) 
(284, -168) -> (1784, -270) 
(285, 699) 
(1286, -738) 
(1787, 585) 
(1288, 542) -> (1788, -972) -> (788, 871) 
(289, 954) -> (789, -216) 
(290, 293) -> (790, -988) -> (1790, 607) -> (1290, -279) 
(1791, -363) 
(1292, 228) -> (1792, -201) -> (792, -490) 
(1794, -356) -> (1294, -599) 
(1795, -296) -> (795, -239) -> (1295, -411) 
(296, -552) -> (796, 886) -> (1796, 303) 
(1797, -283) 
(1798, -99) -> (1298, 784) -> (798, -168) 
(1299, 124) -> (299, -672) -> (1799, 436) 
(800, 883) -> (1800, 244) -> (300, 493) 
(302, 164) -> (1802, -54) -> (802, -974) 
(1803, 850) -> (803, -22) -> (1303, -93) 
(1804, -10) -> (1304, 220) -> (304, 676) 
(805, -714) -> (1805, -271) -> (1305, 213) -> (305, -476) 
(806, -288) 
(1807, -476) 
(1308, -897) -> (1808, -638) 
(809, 665) -> (309, 214) -> (1309, -278) 
(1310, 3) 
(811, 927) -> (1811, -420) -> (311, -553) -> (1311, 89) 
(1812, 327) -> (1312, -727) 
(1313, -45) -> (813, -682) -> (313, -614) -> (1813, -459) 
(1814, 414) 
(1315, -658) -> (315, -451) -> (1815, 240) 
(316, 565) -> (1816, 132) 
(1818, 729) -> (318, 601) -> (818, 896) 
(1819, 553) -> (819, 95) 
(1320, 714) 
(821, 373) -> (1821, 703) -> (1321, -992) 
(322, -422) -> (1322, -847) -> (822, -941) 
(1823, 746) -> (1323, -249) 
(324, 906) -> (1324, -194) 
(1325, 356) -> (325, 266) 
(1826, -845) 
(1827, 757) -> (1327, -386) 
(1328, -96) -> (328, -240) 
(329, -887) -> (829, -610) 
(1830, -358) 
(331, -935) 
(1332, 457) -> (832, 452) 
(1833, 3) 
(1834, -80) -> (334, -495) 
(1835, 750) -> (335, 609) -> (835, 43) 
(836, -34) -> (1336, -722) -> (336, 237) 
(1337, 413) 
(1838, -341) 
(339, -34) -> (1339, -563) 
(1340, -40) -> (340, -451) 
(341, -308) -> (1341, -943) -> (841, 675) -> (1841, 54) 
(1342, 426) -> (1842, 475) 
(1843, -117) -> (843, 699) 
(1344, -684) -> (344, -34) -> (1844, 859) 
(1845, -530) -> (1345, -696) 
(346, -5) -> (846, 907) 
(1347, 414) -> (1847, -858) 
(848, -367) -> (348, -878) -> (1848, 278) -> (1348, 495) 
(1349, 646) -> (849, -499) 
(850, 453) -> (1350, 888) -> (350, 941) 
(851, -124) -> (351, 430) 
(852, -78) -> (1352, -816) 
(854, 804) -> (1354, -218) 
(855, 635) 
(1356, 948) -> (856, -548) -> (356, 497) 
(1857, -922) -> (857, 686) -> (357, 853) 
(1358, 665) 
(359, -896) -> (1359, -201) -> (859, 695) 
(360, -764) 
(1861, -639) -> (1361, -491) -> (361, 513) 
(862, -742) -> (1862, 667) -> (1362, -452) 
(1363, 857) -> (363, -280) 
(864, -340) -> (1864, 50) -> (364, -362) 
(1365, 931) 
(866, 71) 
(1367, 919) 
(1868, 441) -> (868, -857) 
(1869, -631) 
(1870, -956) -> (1370, -457) -> (870, -883) -> (370, -593) 
(1371, -401) 
(1373, -870) -> (873, 168) 
(374, 441) -> (1874, 247) 
(1875, 337) -> (375, -66) -> (1375, -163) 
(1876, 231) -> (376, -833) -> (876, 193) 
(1877, 940) 
(378, 828) -> (1878, 99) -> (878, 459) 
(1879, -599) -> (1379, 10) -> (879, 177) 
(380, 887) -> (1380, -173) 
(382, 17) -> (1882, -454) 
(1383, 595) -> (383, 43) 
(385, 522) -> (1385, -496) 
(386, -618) -> (886, 998) 
(887, 326) -> (387, 543) 
(1888, 298) 
(1389, -658) -> (889, -252) 
(1390, -705) -> (890, 546) 
(391, -744) -> (1391, 61) 
(1392, 462) -> (1892, 868) 
(1393, -444) -> (1893, 985) 
(394, -822) -> (1394, -12) 
(395, -47) -> (1895, 548) 
(396, 341) -> (1396, -698) -> (1896, -192) 
(897, 755) -> (1897, -642) -> (1397, 198) 
(1398, 423) -> (398, -358) 
(399, -598) -> (1399, -426) 
(1900, 160) 
(1401, 741) -> (401, 342) -> (1901, 525) 
(1902, 446) -> (402, -29) 
(403, 58) -> (1403, -874) -> (1903, -531) -> (903, -936) 
(904, 968) -> (1904, -601) 
(905, 543) -> (1905, -835) 
(1906, 768) -> (906, -505) 
(407, -903) -> (1907, -731) -> (907, 70) 
(1408, 32) 
(409, -442) -> (1409, 458) 
(1910, -507) 
(411, 421) -> (911, 877) -> (1911, 313) 
(912, -609) 
(413, -502) -> (1913, 189) 
(1414, 684) -> (1914, -429) -> (914, 6) 
(415, 760) -> (1415, 789) 
(916, -241) -> (1916, -477) -> (1416, -782) 
(917, 154) -> (417, -515) 
(1918, 376) 
(1419, -756) -> (419, 122) -> (919, -557) -> (1919, -946) 
(1920, 646) -> (920, 18) 
(921, 777) -> (421, -40) -> (1421, 443) 
(922, -544) -> (1422, -532) 
(423, 602) -> (1423, -578) 
(424, -543) -> (924, -752) -> (1424, -56) 
(926, 306) 
(1927, -484) -> (927, -366) 
(1428, -244) -> (1928, 942) 
(929, 360) -> (1929, 203) 
(1430, 529) -> (930, -579) -> (1930, 718) -> (430, -167) 
(1431, -661) -> (431, 569) -> (1931, 815) 
(432, -269) -> (1432, 468) 
(933, -173) -> (433, -754) -> (1933, -893) 
(1934, -832) -> (434, -540) 
(1435, 390) -> (435, 824) 
(1436, 274) 
(937, -658) 
(1438, -280) -> (438, -675) 
(1439, -609) 
(1440, 146) -> (440, 678) 
(1441, -956) 
(1442, 513) -> (942, 586) 
(944, -612) -> (1944, 571) -> (1444, 202) 
(1445, 883) -> (1945, 617) 
(1446, 91) -> (1946, 571) 
(447, -342) 
(949, 112) -> (1449, 112) -> (1949, 416) 
(450, 842) -> (950, -697) 
(451, 324) 
(452, 666) 
(953, -141) 
(1954, 675) 
(455, 781) 
(1956, 34) -> (1456, 486) -> (456, 350) 
(457, -993) -> (957, -296) -> (1457, -809) 
(958, 604) -> (1458, 893) -> (458, -278) -> (1958, -981) 
(1459, -586) -> (1959, -105) -> (459, 673) 
(1460, -92) -> (1960, -777) 
(1461, -572) -> (961, -639) 
(1462, 920) -> (1962, -963) -> (962, -887) 
(463, 279) 
(964, -387) -> (464, -16) 
(1965, 992) -> (465, -966) 
(1966, -922) -> (466, 130) 
(967, -845) -> (467, -363) 
(1468, -476) -> (468, -898) -> (1968, 380) 
(469, 453) 
(1970, 501) -> (470, -174) -> (1470, 844) -> (970, -521) 
(471, -769) 
(1972, -9) -> (1472, 711) 
(1473, 205) -> (1973, 388) -> (973, -362) 
(1474, -613) -> (1974, 395) 
(475, -317) -> (1475, 63) 
(477, 812) -> (1477, 305) -> (1977, -610) 
(1478, -701) -> (1978, 239) 
(1979, 195) -> (479, 288) 
(1480, 819) 
(481, 83) -> (1981, -802) 
(1482, -698) -> (982, 774) -> (1982, -100) -> (482, 443) 
(1983, -985) 
(984, -83) -> (484, -245) -> (1484, 381) 
(485, 985) -> (1985, 355) -> (1485, -242) 
(486, 445) 
(1987, -123) -> (487, 569) 
(1988, -836) -> (488, 516) 
(1989, -356) -> (1489, -683) 
(1490, -388) -> (990, 215) 
(1991, -828) -> (991, -882) 
(493, -638) 
(1994, -102) -> (1494, -314) -> (494, 671) 
(495, 887) 
(1996, 973) -> (496, 763) -> (996, 382) -> (1496, -71) 
(1997, 855) -> (997, 628) 
(498, -919) -> (1498, -614) 
(499, 919) -> (1499, 141) 
