150
  175
    198
      199
      183
        186
          194
        176
    170
      171
        173
          174
      167
        168
        158
          159
            164
              161
          157
            152
              151
  119
    122
      141
        142
          146
            145
        137
          123
            133
    55
      106
        111
        72
          93
            96
              97
              94
            84
              74
          57
      8
        36
          49
            45
          18
            34
              24
        3
          2
